0.000000 0.000016 0.000000
0.063467 -0.000554 0.063424
0.126933 -0.002492 0.126592
0.190400 -0.005785 0.189251
0.253866 -0.010422 0.251148
0.317333 -0.016388 0.312033
0.380799 -0.023665 0.371662
0.444266 -0.032233 0.429795
0.507732 -0.042069 0.486197
0.571199 -0.053149 0.540641
0.634665 -0.065444 0.592908
0.698132 -0.078924 0.642788
0.761598 -0.093557 0.690079
0.825065 -0.109307 0.734592
0.888531 -0.126135 0.776146
0.951998 -0.144003 0.814576
1.015464 -0.162867 0.849725
1.078931 -0.182682 0.881453
1.142397 -0.203402 0.909632
1.205864 -0.224978 0.934148
1.269330 -0.247360 0.954902
1.332797 -0.270495 0.971812
1.396263 -0.294329 0.984808
1.459730 -0.318807 0.993838
1.523196 -0.343872 0.998867
1.586663 -0.369467 0.999874
1.650129 -0.395533 0.996855
1.713596 -0.422011 0.989821
1.777063 -0.448841 0.978802
1.840529 -0.475962 0.963842
1.903996 -0.503313 0.945001
1.967462 -0.530834 0.922354
2.030929 -0.558464 0.895994
2.094395 -0.586141 0.866025
2.157862 -0.613807 0.832570
2.221328 -0.641402 0.795762
2.284795 -0.668865 0.755750
2.348261 -0.696140 0.712694
2.411728 -0.723169 0.666769
2.475194 -0.749897 0.618159
2.538661 -0.776269 0.567060
2.602127 -0.802232 0.513677
2.665594 -0.827734 0.458227
2.729060 -0.852726 0.400931
2.792527 -0.877160 0.342020
2.855993 -0.900991 0.281733
2.919460 -0.924173 0.220311
2.982926 -0.946666 0.158001
3.046393 -0.968431 0.095056
3.109859 -0.989430 0.031728
3.173326 -1.009630 -0.031728
3.236792 -1.028998 -0.095056
3.300259 -1.047504 -0.158001
3.363725 -1.065124 -0.220311
3.427192 -1.081831 -0.281733
3.490659 -1.097606 -0.342020
3.554125 -1.112430 -0.400931
3.617592 -1.126287 -0.458227
3.681058 -1.139165 -0.513677
3.744525 -1.151053 -0.567060
3.807991 -1.161946 -0.618159
3.871458 -1.171838 -0.666769
3.934924 -1.180728 -0.712694
3.998391 -1.188617 -0.755750
4.061857 -1.195511 -0.795762
4.125324 -1.201415 -0.832570
4.188790 -1.206339 -0.866025
4.252257 -1.210295 -0.895994
4.315723 -1.213298 -0.922354
4.379190 -1.215365 -0.945001
4.442656 -1.216515 -0.963842
4.506123 -1.216771 -0.978802
4.569589 -1.216156 -0.989821
4.633056 -1.214696 -0.996855
4.696522 -1.212420 -0.999874
4.759989 -1.209357 -0.998867
4.823455 -1.205539 -0.993838
4.886922 -1.201000 -0.984808
4.950388 -1.195775 -0.971812
5.013855 -1.189900 -0.954902
5.077321 -1.183412 -0.934148
5.140788 -1.176350 -0.909632
5.204254 -1.168755 -0.881453
5.267721 -1.160667 -0.849725
5.331188 -1.152126 -0.814576
5.394654 -1.143176 -0.776146
5.458121 -1.133858 -0.734592
5.521587 -1.124215 -0.690079
5.585054 -1.114290 -0.642788
5.648520 -1.104126 -0.592908
5.711987 -1.093766 -0.540641
5.775453 -1.083252 -0.486197
5.838920 -1.072626 -0.429795
5.902386 -1.061931 -0.371662
5.965853 -1.051207 -0.312033
6.029319 -1.040494 -0.251148
6.092786 -1.029833 -0.189251
6.156252 -1.019262 -0.126592
6.219719 -1.008818 -0.063424
6.283185 -0.998539 -0.000000
